1.651767397826601780e+01
1.808399617608177934e+01
1.649876045888735732e+01
1.717944744992146155e+01
1.607116314512379063e+01
1.479709295541177738e+01
1.586968845966407216e+01
1.561869878841341475e+01
1.475128593848325664e+01
1.522535445359715389e+01
1.554090413111218538e+01
1.403851504678161710e+01
1.570054681580709932e+01
1.415846696038951258e+01
1.685804402885248265e+01
1.525202738700435390e+01
1.813109895498369184e+01
1.602475122170283228e+01
1.482785468633181303e+01
1.386265134924300924e+01
1.611203738490606696e+01
1.502518084257718911e+01
1.450544451500703858e+01
1.710398861603897558e+01
1.511669095145584940e+01
1.506342705154359152e+01
1.603765017557105566e+01
1.460101105192945781e+01
1.510076164252354936e+01
1.412531011696184891e+01
1.429748348858587015e+01
1.339919884577987119e+01
1.482280805198385032e+01
1.246602057549985432e+01
1.341229639674292251e+01
1.663732088320800528e+01
1.595085242472629794e+01
1.331937318780280322e+01
1.457115469477589542e+01
1.607055420881412289e+01
1.659766008466060683e+01
1.298361549411699301e+01
1.561464528920718386e+01
1.735804034565906662e+01
1.423112681788817824e+01
1.425349764805745778e+01
1.627075357835137126e+01
1.459792123938649766e+01
1.490833821984165297e+01
1.375872344497878252e+01
1.675577958079994190e+01
1.629789365959966219e+01
1.317892863169293527e+01
1.430470035206253598e+01
1.671760889005899742e+01
1.564620442661591504e+01
1.481267573611200206e+01
1.704533647122809725e+01
1.513211123325048924e+01
1.632411221597134343e+01
1.452424915101111580e+01
1.450275850077566275e+01
1.576915331905624384e+01
1.349881018442079572e+01
1.247819643196140049e+01
1.471029623513212492e+01
1.491789934104376592e+01
1.440314984822074962e+01
1.370201585225895080e+01
1.682946861230857394e+01
1.512167023558956025e+01
1.646931385482613308e+01
1.642819257429843915e+01
1.552676568488944042e+01
1.618142321048109267e+01
1.506058369452857271e+01
1.639475476477275606e+01
1.691396197343420127e+01
1.698121615223754688e+01
1.437819548906606570e+01
1.502031325536972162e+01
1.599056128864142501e+01
1.455698260130125377e+01
1.512206047930084907e+01
1.668844180683035816e+01
1.629775426629163704e+01
1.547436677263121041e+01
1.530720719483261227e+01
1.368465535895397700e+01
1.424258661687666816e+01
1.474535263327488366e+01
1.551262988107277785e+01
1.636558622834872168e+01
1.230963629255835201e+01
1.555695908863192756e+01
1.647509924452707608e+01
1.668286943226629759e+01
1.618415400395261372e+01
1.458038932872691973e+01
1.308446486506839435e+01
1.711531647412651935e+01
1.430711582339929144e+01
1.432871020120446914e+01
1.469985212606524883e+01
1.533327420357480264e+01
1.767317851632237335e+01
1.588994701854018388e+01
1.497158131973540307e+01
1.629777544127254529e+01
1.510199160568755872e+01
1.493156132837631134e+01
1.565438152651998038e+01
1.342768257979305524e+01
1.521117935433871615e+01
1.679773127679251843e+01
1.647250983768592292e+01
1.462924457593266503e+01
1.512116931286264787e+01
1.519292787187977822e+01
1.478438859603816447e+01
1.440450365932648502e+01
1.453522714256435933e+01
1.583121861927281060e+01
1.384068684278670958e+01
1.460864285553236641e+01
1.668177625752398185e+01
1.415672052771674849e+01
1.689105882815469073e+01
1.584137315273442503e+01
1.552987015147399497e+01
1.492594749753278549e+01
1.427064651538870521e+01
1.516327645734484797e+01
1.582840742676788182e+01
1.309444325536682285e+01
1.503425686258932714e+01
1.502799125812982162e+01
1.574198257095907216e+01
1.342938913766263198e+01
1.545477595623298406e+01
1.489388907526141104e+01
1.574819263611099096e+01
1.145658275759883615e+01
1.658432133912311102e+01
1.517305556334659933e+01
1.475584038467171588e+01
1.699358771797672674e+01
1.759073781931901692e+01
1.474140315126089185e+01
1.601617695317418111e+01
1.825644871337643593e+01
1.424787621310497698e+01
1.407099866174697489e+01
1.593155903937910267e+01
1.769648228963683323e+01
1.475003497602241254e+01
1.430408396621007761e+01
1.501904129644962538e+01
1.586152147391921652e+01
1.587001368795471734e+01
1.429459659303920560e+01
1.806988812221259266e+01
1.466696500072863607e+01
1.460105144286904455e+01
1.528500152157764269e+01
1.501366678524876264e+01
1.691782873485490413e+01
1.624726953217537329e+01
1.675866778908009636e+01
1.353235911457884910e+01
1.732980521935120422e+01
1.620288992775239478e+01
1.650423140685678192e+01
1.362057016146671451e+01
1.515040980564239348e+01
1.470258957651924803e+01
1.426194046571494134e+01
1.570322413242349491e+01
1.618244634022086714e+01
1.550716611201393214e+01
1.653460179574154765e+01
1.654709314254471764e+01
1.428035788637848036e+01
1.574883867255257286e+01
1.651811724041346352e+01
1.634194649624555495e+01
1.504598580165251320e+01
1.601422513205132248e+01
1.457394773456599957e+01
1.605663229127900138e+01
1.519570853378846387e+01
1.513184113240911977e+01
1.844151313135802184e+01
1.599809013374364497e+01
1.659599477496962905e+01
1.525288066501555484e+01
1.713982681394617913e+01
1.721181516398267419e+01
1.331862878442642995e+01
1.339661266620927194e+01
1.565615880342630994e+01
1.350946825883412217e+01
1.366833916951900463e+01
1.336344343967525639e+01
1.461708208489800320e+01
1.124295565820570353e+01
1.396732043816362534e+01
1.489470711240725187e+01
1.479236254505671155e+01
1.384835672940258000e+01
1.471255495540283320e+01
1.453441754749153070e+01
1.420290793071399982e+01
1.377228911944064649e+01
1.391265498618954766e+01
1.507306542805414296e+01
1.158210492422447047e+01
1.394135226720603704e+01
1.479289703485091678e+01
1.311161954767368698e+01
1.472701560638164153e+01
1.491134859680561142e+01
1.442511592758307692e+01
1.304839472898917307e+01
1.461073996941717823e+01
1.545208740972373818e+01
1.332210539348064415e+01
1.254429407565825372e+01
1.464088547055331979e+01
1.345298814402543108e+01
1.524466349336904436e+01
1.130311608766369957e+01
1.341872156716085485e+01
1.438507678824173475e+01
1.329543744825276264e+01
1.444319547008123017e+01
1.394829240107778467e+01
1.440737543057824155e+01
1.495353712391754719e+01
1.382716586274756665e+01
1.375024189214489034e+01
1.444415433554634909e+01
1.438567888448491416e+01
1.385125758049452216e+01
1.455636485947413306e+01
1.384037591608833040e+01
1.345327573760256357e+01
1.450850411444129406e+01
1.492784738672801126e+01
1.597370128076936524e+01
1.378086827905673317e+01
1.246092180873634447e+01
1.338679899655017635e+01
1.389896644743385679e+01
1.489741988765946523e+01
1.392339410854346227e+01
1.488014953984482958e+01
1.508257574333651085e+01
1.328955404597276591e+01
1.512161896932669336e+01
1.585237064973015109e+01
1.398545642590513971e+01
1.493834169902689446e+01
1.503963915179283362e+01
1.315138079990711972e+01
1.364405228684881166e+01
1.467963447454958903e+01
1.303702680024333560e+01
1.326949297378179971e+01
1.344083427188648550e+01
1.517425723435314566e+01
1.456349979379531412e+01
1.314606422376970940e+01
1.331430656670939783e+01
1.382467861442868795e+01
1.339723448921561477e+01
1.429455120633966558e+01
1.373185320831705347e+01
1.430599331120587792e+01
1.307070098257287860e+01
1.393270518301847716e+01
1.325522062135429735e+01
1.429511508142848086e+01
1.325247445791683454e+01
1.334137094678451163e+01
1.583638212126933986e+01
1.419431346409348116e+01
1.472884067920684892e+01
1.389538128744212564e+01
1.292425725133420222e+01
1.317102534812686798e+01
1.456132104509195457e+01
1.453509825663545740e+01
1.349385142503837898e+01
1.480787704191071086e+01
1.440884459226905356e+01
1.228125617022062066e+01
1.318912255081478690e+01
1.391603700029221358e+01
1.375432163458735069e+01
